Accuracy of the network on the test images: 44 %

              precision    recall  f1-score   support

         0.0       0.40      0.70      0.51      1000
         1.0       0.66      0.82      0.73      1000
         2.0       0.27      0.56      0.36      1000
         3.0       0.28      0.54      0.37      1000
         4.0       0.63      0.58      0.60      1000
         5.0       0.32      0.60      0.42      1000
         6.0       0.73      0.72      0.72      1000
         7.0       0.66      0.71      0.68      1000
         8.0       0.35      0.78      0.49      1000
         9.0       0.76      0.12      0.21      6000

    accuracy                           0.45     15000
   macro avg       0.51      0.61      0.51     15000
weighted avg       0.59      0.45      0.41     15000
