Accuracy of the network on the test images: 50 %

              precision    recall  f1-score   support

         0.0       0.38      0.99      0.55       480
         1.0       0.63      1.00      0.77       595
         2.0       0.31      1.00      0.48       483
         3.0       0.57      0.99      0.72       507
         4.0       0.48      1.00      0.64       497
         5.0       0.50      0.99      0.66       420
         6.0       0.63      0.99      0.77       490
         7.0       0.36      0.99      0.52       515
         8.0       0.76      0.98      0.86       494
         9.0       0.99      0.12      0.21      5519

    accuracy                           0.51     10000
   macro avg       0.56      0.90      0.62     10000
weighted avg       0.78      0.51      0.42     10000
