Accuracy of the network on the test images: 33.000 %

              precision    recall  f1-score   support

         0.0     0.3854    0.7180    0.5016      1000
         1.0     0.5647    0.7940    0.6600      1000
         2.0     0.2250    0.5450    0.3185      1000
         3.0     0.1904    0.4340    0.2647      1000
         4.0     0.2874    0.6090    0.3905      1000
         5.0     0.2540    0.5690    0.3512      1000
         6.0     0.3697    0.7040    0.4848      1000
         7.0     0.3432    0.7920    0.4788      1000
         8.0     0.4936    0.7670    0.6006      1000
         9.0     0.4058    0.7730    0.5322      1000
        10.0     0.0000    0.0000    0.0000     10000

    accuracy                         0.3352     20000
   macro avg     0.3199    0.6095    0.4166     20000
weighted avg     0.1760    0.3352    0.2292     20000
