Accuracy of the network on the test images: 33.000 %

              precision    recall  f1-score   support

         0.0     0.3880    0.7000    0.4993      1000
         1.0     0.5332    0.7780    0.6328      1000
         2.0     0.2159    0.5450    0.3093      1000
         3.0     0.1819    0.5160    0.2690      1000
         4.0     0.3064    0.5920    0.4038      1000
         5.0     0.2526    0.5840    0.3527      1000
         6.0     0.4033    0.7110    0.5147      1000
         7.0     0.3758    0.7190    0.4936      1000
         8.0     0.5056    0.7260    0.5961      1000
         9.0     0.3855    0.7790    0.5157      1000
        10.0     0.0000    0.0000    0.0000     10000

    accuracy                         0.3325     20000
   macro avg     0.3226    0.6045    0.4170     20000
weighted avg     0.1774    0.3325    0.2293     20000
