Accuracy of the network on the test images: 33.000 %

              precision    recall  f1-score   support

         0.0     0.3801    0.7370    0.5015      1000
         1.0     0.4997    0.8040    0.6163      1000
         2.0     0.2079    0.5870    0.3071      1000
         3.0     0.1729    0.4740    0.2533      1000
         4.0     0.3012    0.6350    0.4086      1000
         5.0     0.2378    0.5810    0.3375      1000
         6.0     0.4205    0.6850    0.5211      1000
         7.0     0.4453    0.6550    0.5301      1000
         8.0     0.5647    0.7200    0.6330      1000
         9.0     0.4003    0.7850    0.5302      1000
        10.0     0.0000    0.0000    0.0000     10000

    accuracy                         0.3332     20000
   macro avg     0.3300    0.6057    0.4217     20000
weighted avg     0.1815    0.3332    0.2319     20000
