Accuracy of the network on the test images: 33.000 %

              precision    recall  f1-score   support

         0.0     0.4122    0.7040    0.5199      1000
         1.0     0.5394    0.7870    0.6401      1000
         2.0     0.1942    0.5800    0.2909      1000
         3.0     0.1731    0.4710    0.2532      1000
         4.0     0.2979    0.6170    0.4018      1000
         5.0     0.2481    0.5530    0.3425      1000
         6.0     0.4270    0.6780    0.5240      1000
         7.0     0.4314    0.6890    0.5306      1000
         8.0     0.4785    0.7790    0.5928      1000
         9.0     0.3787    0.7620    0.5060      1000
        10.0     0.0000    0.0000    0.0000     10000

    accuracy                         0.3310     20000
   macro avg     0.3255    0.6018    0.4184     20000
weighted avg     0.1790    0.3310    0.2301     20000
