Accuracy of the network on the test images: 33.000 %

              precision    recall  f1-score   support

         0.0     0.3623    0.7330    0.4849      1000
         1.0     0.5601    0.7730    0.6496      1000
         2.0     0.2108    0.5690    0.3077      1000
         3.0     0.1858    0.4720    0.2666      1000
         4.0     0.3141    0.5540    0.4009      1000
         5.0     0.2387    0.5820    0.3386      1000
         6.0     0.3508    0.7380    0.4755      1000
         7.0     0.4513    0.6810    0.5428      1000
         8.0     0.4949    0.7790    0.6053      1000
         9.0     0.4006    0.7880    0.5312      1000
        10.0     1.0000    0.0001    0.0002     10000

    accuracy                         0.3335     20000
   macro avg     0.4154    0.6063    0.4185     20000
weighted avg     0.6785    0.3335    0.2303     20000
