Accuracy of the network on the test images: 33.000 %

              precision    recall  f1-score   support

         0.0     0.3432    0.7450    0.4699      1000
         1.0     0.5122    0.7970    0.6236      1000
         2.0     0.2326    0.5580    0.3283      1000
         3.0     0.1768    0.4780    0.2582      1000
         4.0     0.3517    0.5560    0.4308      1000
         5.0     0.2380    0.6040    0.3414      1000
         6.0     0.4284    0.6670    0.5217      1000
         7.0     0.3789    0.7380    0.5007      1000
         8.0     0.4679    0.7870    0.5869      1000
         9.0     0.4122    0.7680    0.5365      1000
        10.0     1.0000    0.0002    0.0004     10000

    accuracy                         0.3350     20000
   macro avg     0.4129    0.6089    0.4180     20000
weighted avg     0.6771    0.3350    0.2301     20000
