Accuracy of the network on the test images: 33.000 %

              precision    recall  f1-score   support

         0.0     0.4085    0.6740    0.5087      1000
         1.0     0.5917    0.7810    0.6733      1000
         2.0     0.2175    0.5900    0.3178      1000
         3.0     0.1712    0.5000    0.2550      1000
         4.0     0.3209    0.6040    0.4192      1000
         5.0     0.2223    0.6300    0.3286      1000
         6.0     0.3408    0.7430    0.4673      1000
         7.0     0.4083    0.6900    0.5130      1000
         8.0     0.5396    0.7840    0.6392      1000
         9.0     0.5217    0.7080    0.6008      1000
        10.0     0.0000    0.0000    0.0000     10000

    accuracy                         0.3352     20000
   macro avg     0.3402    0.6095    0.4294     20000
weighted avg     0.1871    0.3352    0.2361     20000
