Accuracy of the network on the test images: 33.000 %

              precision    recall  f1-score   support

         0.0     0.4226    0.6770    0.5204      1000
         1.0     0.5541    0.8090    0.6577      1000
         2.0     0.2073    0.6040    0.3086      1000
         3.0     0.1723    0.5040    0.2568      1000
         4.0     0.3227    0.5740    0.4131      1000
         5.0     0.2451    0.5510    0.3393      1000
         6.0     0.3700    0.7710    0.5000      1000
         7.0     0.4194    0.6920    0.5223      1000
         8.0     0.5295    0.7900    0.6340      1000
         9.0     0.4117    0.7600    0.5341      1000
        10.0     0.0000    0.0000    0.0000     10000

    accuracy                         0.3366     20000
   macro avg     0.3322    0.6120    0.4260     20000
weighted avg     0.1827    0.3366    0.2343     20000
