Accuracy of the network on the test images: 33.000 %

              precision    recall  f1-score   support

         0.0     0.4204    0.7050    0.5267      1000
         1.0     0.4833    0.7980    0.6020      1000
         2.0     0.2131    0.5710    0.3103      1000
         3.0     0.1953    0.4440    0.2712      1000
         4.0     0.2801    0.6160    0.3851      1000
         5.0     0.2469    0.5450    0.3399      1000
         6.0     0.4057    0.7420    0.5246      1000
         7.0     0.4024    0.7090    0.5134      1000
         8.0     0.4927    0.7710    0.6012      1000
         9.0     0.3687    0.7950    0.5038      1000
        10.0     0.0000    0.0000    0.0000     10000

    accuracy                         0.3348     20000
   macro avg     0.3190    0.6087    0.4162     20000
weighted avg     0.1754    0.3348    0.2289     20000
