Accuracy of the network on the test images: 32.000 %

              precision    recall  f1-score   support

         0.0     0.4041    0.7120    0.5156      1000
         1.0     0.5108    0.8060    0.6253      1000
         2.0     0.2261    0.5040    0.3122      1000
         3.0     0.1712    0.4920    0.2541      1000
         4.0     0.3007    0.6010    0.4008      1000
         5.0     0.2251    0.5950    0.3267      1000
         6.0     0.4091    0.6910    0.5139      1000
         7.0     0.3339    0.7350    0.4592      1000
         8.0     0.5065    0.7760    0.6130      1000
         9.0     0.4571    0.6820    0.5474      1000
        10.0     0.5000    0.0001    0.0002     10000

    accuracy                         0.3297     20000
   macro avg     0.3677    0.5995    0.4153     20000
weighted avg     0.4272    0.3297    0.2285     20000
