Accuracy of the network on the test images: 33.000 %

              precision    recall  f1-score   support

         0.0     0.3744    0.7420    0.4977      1000
         1.0     0.5167    0.8040    0.6291      1000
         2.0     0.2190    0.5360    0.3110      1000
         3.0     0.1634    0.4820    0.2441      1000
         4.0     0.3173    0.5270    0.3961      1000
         5.0     0.2313    0.6190    0.3368      1000
         6.0     0.3841    0.7040    0.4970      1000
         7.0     0.4166    0.7190    0.5275      1000
         8.0     0.5367    0.7450    0.6240      1000
         9.0     0.4116    0.7330    0.5271      1000
        10.0     0.0000    0.0000    0.0000     10000

    accuracy                         0.3306     20000
   macro avg     0.3246    0.6010    0.4173     20000
weighted avg     0.1786    0.3306    0.2295     20000
