Accuracy of the network on the test images: 44.000 %

              precision    recall  f1-score   support

         0.0       0.28      0.69      0.40      1000
         1.0       0.62      0.81      0.70      1000
         2.0       0.24      0.55      0.33      1000
         3.0       0.35      0.47      0.40      1000
         4.0       0.59      0.65      0.62      1000
         5.0       0.31      0.60      0.41      1000
         6.0       0.71      0.72      0.71      1000
         7.0       0.59      0.70      0.64      1000
         8.0       0.58      0.77      0.67      1000
         9.0       0.76      0.75      0.76      1000
        10.0       0.00      0.00      0.00      5000

    accuracy                           0.45     15000
   macro avg       0.46      0.61      0.51     15000
weighted avg       0.34      0.45      0.38     15000
