Accuracy of the network on the test images: 33.000 %

              precision    recall  f1-score   support

         0.0     0.4372    0.6550    0.5244      1000
         1.0     0.5745    0.7870    0.6641      1000
         2.0     0.2260    0.5500    0.3203      1000
         3.0     0.1690    0.4850    0.2507      1000
         4.0     0.2955    0.5880    0.3933      1000
         5.0     0.2338    0.5970    0.3361      1000
         6.0     0.3426    0.7530    0.4709      1000
         7.0     0.4139    0.6800    0.5146      1000
         8.0     0.4742    0.8080    0.5976      1000
         9.0     0.4354    0.7580    0.5531      1000
        10.0     0.0000    0.0000    0.0000     10000

    accuracy                         0.3331     20000
   macro avg     0.3275    0.6055    0.4205     20000
weighted avg     0.1801    0.3331    0.2313     20000
