Accuracy of the network on the test images: 32.000 %

              precision    recall  f1-score   support

         0.0     0.3853    0.6820    0.4924      1000
         1.0     0.5704    0.7740    0.6568      1000
         2.0     0.2123    0.5420    0.3051      1000
         3.0     0.1784    0.4800    0.2601      1000
         4.0     0.3075    0.5840    0.4029      1000
         5.0     0.2208    0.6060    0.3236      1000
         6.0     0.3972    0.6700    0.4987      1000
         7.0     0.3835    0.7240    0.5014      1000
         8.0     0.4974    0.7660    0.6031      1000
         9.0     0.4037    0.7550    0.5261      1000
        10.0     0.0000    0.0000    0.0000     10000

    accuracy                         0.3291     20000
   macro avg     0.3233    0.5985    0.4155     20000
weighted avg     0.1778    0.3291    0.2285     20000
