Accuracy of the network on the test images: 33.000 %

              precision    recall  f1-score   support

         0.0     0.3716    0.6960    0.4845      1000
         1.0     0.5150    0.7710    0.6175      1000
         2.0     0.2181    0.5390    0.3106      1000
         3.0     0.1859    0.4520    0.2634      1000
         4.0     0.3138    0.5730    0.4055      1000
         5.0     0.2327    0.6120    0.3372      1000
         6.0     0.3352    0.7740    0.4678      1000
         7.0     0.4238    0.6920    0.5256      1000
         8.0     0.5205    0.7630    0.6188      1000
         9.0     0.4192    0.7810    0.5456      1000
        10.0     0.0000    0.0000    0.0000     10000

    accuracy                         0.3327     20000
   macro avg     0.3214    0.6048    0.4161     20000
weighted avg     0.1768    0.3327    0.2288     20000
