Accuracy of the network on the test images: 98.000 %

              precision    recall  f1-score   support

         0.0       0.96      1.00      0.98       469
         1.0       0.97      0.99      0.98       551
         2.0       0.96      0.99      0.97       527
         3.0       0.98      1.00      0.99       511
         4.0       0.95      0.99      0.97       480
         5.0       0.98      0.99      0.98       474
         6.0       0.98      0.99      0.98       491
         7.0       0.98      0.98      0.98       518
         8.0       0.98      0.99      0.98       462
         9.0       0.98      0.98      0.98       517
        10.0       1.00      0.98      0.99      5000

    accuracy                           0.99     10000
   macro avg       0.98      0.99      0.98     10000
weighted avg       0.99      0.99      0.99     10000
